BY YEAR,TEAM,GP,MIN,PTS,FG%,3P%,FT%,REB,AST,STL,BLK
2017,CLE,82,36.9,27.5,54.2,36.7,73.1,8.6,9.1,1.4,0.9
2016,CLE,74,37.8,26.4,54.8,36.3,67.4,8.6,8.7,1.2,0.6
2015,CLE,76,35.6,25.3,52,30.9,73.1,7.4,6.8,1.4,0.6
2014,CLE,69,36.1,25.3,48.8,35.4,71,6,7.4,1.6,0.7
2013,MIA,77,37.7,27.1,56.7,37.9,75,6.9,6.3,1.6,0.3
2012,MIA,76,37.9,26.8,56.5,40.6,75.3,8,7.3,1.7,0.9
2011,MIA,62,37.5,27.1,53.1,36.2,77.1,7.9,6.2,1.9,0.8
2010,MIA,79,38.8,26.7,51,33,75.9,7.5,7,1.6,0.6
2009,CLE,76,39,29.7,50.3,33.3,76.7,7.3,8.6,1.6,1
2008,CLE,81,37.7,28.4,48.9,34.4,78,7.6,7.2,1.7,1.1
2007,CLE,75,40.4,30,48.4,31.5,71.2,7.9,7.2,1.8,1.1
2006,CLE,78,40.9,27.3,47.6,31.9,69.8,6.7,6,1.6,0.7
2005,CLE,79,42.5,31.4,48,33.5,73.8,7,6.6,1.6,0.8
2004,CLE,80,42.3,27.2,47.2,35.1,75,7.4,7.2,2.2,0.7
2003,CLE,79,39.6,20.9,41.7,29,75.4,5.5,5.9,1.6,0.7
